20 40 241 164 63 60 211 205 86 99 8 33 200 152 219 51 157 248 143 196 240 105 95 114 237 197 213 8 139 140 211 134
29 42 19 10 19 50 189 91 215 239 191 146 155 18 112 131 177 70 26 6 12 190 91 74 29 149 210 7 230 156 45 24
228 3 173 44 220 211 23 62 2 69 200 56 78 222 160 55 89 72 223 37 69 50 124 26 98 183 79 57 111 68 156 100
114 201 224 72 96 198 193 115 12 68 25 225 238 67 75 148 77 61 24 76 180 180 83 56 251 137 52 209 233 28 148 215
54 252 229 88 166 170 29 33 108 213 57 108 167 189 202 53 71 69 50 202 205 197 199 51 15 44 114 71 37 0 70 112
76 139 46 146 214 13 195 140 190 176 90 205 76 87 31 41 236 50 80 154 181 196 25 0 175 188 27 133 193 40 170 215
105 72 165 246 94 3 155 41 221 124 123 68 28 238 31 254 167 233 135 254 6 210 196 31 48 50 8 78 233 105 81 4
146 51 240 248 132 220 122 107 61 98 136 98 119 75 203 233 163 92 199 14 24 189 221 113 136 114 59 25 114 52 146 73
228 41 14 86 53 244 232 136 180 40 87 38 7 188 221 101 37 99 72 155 5 195 17 66 73 125 190 75 49 84 221 87
164 166 123 158 4 33 179 140 76 164 39 112 51 138 38 15 238 194 235 20 93 192 239 249 156 113 80 13 52 80 251 161
35 240 71 219 176 251 104 189 242 34 101 248 255 95 164 130 156 66 38 242 118 120 127 147 20 215 51 235 126 233 240 70
0 211 179 111 238 75 136 104 14 50 95 247 190 66 100 7 97 249 23 184 229 215 76 61 88 17 21 169 181 94 168 109
35 240 71 219 176 251 104 189 242 34 101 248 255 95 164 130 156 66 38 242 118 120 127 147 20 215 51 235 126 233 240 70
147 3 164 121 194 5 40 215 192 191 156 117 4 18 50 51 234 206 229 197 32 106 197 31 46 14 66 123 43 212 189 205
