0 13560678510308436837035875429107783240068477847457981242459632591631735245535 7958407172483901141334149454557863275088253884019329399476260603045377579487 0
0 8951815045677806665467611715219650505348887173561055475500683369947005616275 0
0 6267954670492456298254936665132482817619880767660286027286280777658803682769 12138436732705903356086573862664993714080286458022423828818922394437038891123 1
0 6773558877668489464445015717410052843615289190949799336560328026146991208832 209707523890245594930558398457150136620595975528038524744505794173406219284 1
0 14595216945030009808939789019116233115548844151873417432928226623419155129077 1
0 8518658946893472699529112448673083753265190224065854001087575559261065619136 735136252468589646387638225783491590841001701029616881335576365252799307619 0
0 19235444539032091811319219169173544858014947876694811103581642297741096315950 1365220867091958243802226162420048916826560585543367995219758094463418272979 1
0 6662678196630846657493093704260044993741602457561496045028590459564005963994 1
8
8
0
1
2
3
4
5
6
7
8
0 15339560123936237973750011113149394702824406680709990939064078738471940424898 0
0 9035711405817952818113415365811140328905664547873716404525991138833912208562 0
0 1202250861638425375742342788657077717257869340935032680793432742896673425284 1
0 16136083670960970088761665267072786608594106758557843780918547638728848761604 1
0 16169999453753191594356029707663571800994915438413853523375839726748841232718 0
0 716562755652921360994966818434052146634700295110352495694125271611252903036 1
0 18961274312167236860521463898919626813556148321760874721310684196636403770415 1
0 9734877551311207368853658101939082564571442950457362674164288446346678577514 0


